% start   55
% id pos_x pos_y pos_z
% fiber f0:1

 1  -5.67101  -1.95846
 1  -5.19638  -1.80123
 1  -4.72176  -1.64396
 1  -4.24715  -1.48664
 1  -3.77256  -1.32929
 1  -3.29796  -1.17194
 1   -2.8234  -1.01448
 1  -2.34891  -0.85681
 1   -1.8745 -0.698891
 1  -1.40015 -0.540829
 1 -0.925799 -0.382728
 1 -0.451449  -0.22464
 1  0.022888 -0.0665118
 1  0.497178  0.091757
 1  0.971367  0.250327
 1   1.44543  0.409267
 1   1.91932  0.568731
 1   2.39303  0.728747
 1   2.86655   0.88929
 1   3.33995    1.0502
 1   3.81327   1.21134
 1   4.28651   1.37273
 1    4.7597   1.53424
 1   5.23287   1.69583
 1   5.70604   1.85744
% end

% start   55
% id pos_x pos_y pos_z
% fiber f0:1
 1   5.80159   1.52744
 1   5.31909    1.3963
 1    4.8366   1.26515
 1   4.35412   1.13395
 1   3.87163    1.0028
 1   3.38912   0.87169
 1   2.90662  0.740571
 1   2.42411  0.609481
 1   1.94158  0.478468
 1   1.45901  0.347598
 1  0.976423  0.216804
 1  0.493795 0.0861516
 1 0.0111221 -0.0443352
 1  -0.47158 -0.174715
 1 -0.954277 -0.305112
 1  -1.43695 -0.435584
 1  -1.91963 -0.566058
 1  -2.40233  -0.69644
 1  -2.88508 -0.826644
 1  -3.36789 -0.956628
 1  -3.85076  -1.08637
 1  -4.33366  -1.21601
 1  -4.81658  -1.34558
 1  -5.29951  -1.47512
 1  -5.78244  -1.60467
% end

% start   55
% id pos_x pos_y pos_z
% fiber f0:1
 1  -2.30608   5.54319
 1  -2.10828   5.08398
 1  -1.91047   4.62477
 1  -1.71249   4.16564
 1  -1.51429    3.7066
 1  -1.31579   3.24769
 1  -1.11703   2.78889
 1 -0.918081   2.33018
 1 -0.719138   1.87146
 1 -0.520355   1.41267
 1 -0.321829  0.953777
 1 -0.123584  0.494757
 1 0.0743613 0.0356084
 1  0.272096 -0.423631
 1  0.469816 -0.882877
 1  0.667735  -1.34204
 1  0.865964  -1.80106
 1   1.06458  -2.25992
 1   1.26359  -2.71861
 1   1.46313  -3.17707
 1   1.66324  -3.63528
 1   1.86387  -4.09326
 1   2.06496  -4.55104
 1   2.26643  -5.00866
 1   2.46807  -5.46619
% end

