-3.959005 9.000000
-3.959005 1.353147
-8.817784 1.353147
-8.397890 0.472028
-6.568349 -1.290209
-5.908515 -3.020978
-4.108968 -4.027972
-3.689073 -3.020978
-2.999245 -2.548950
-1.259683 -2.989510
-0.359909 -4.500000
0.719819 -6.576922
1.349660 -8.307691
2.879279 -8.811188
3.869027 -9.000000
3.719063 -7.772726
3.809042 -6.765734
4.168952 -5.758740
5.638585 -4.594404
8.397889 -2.611888
8.727804 -1.038460
8.817784 0.000000
8.157949 1.384616
8.037982 4.059442
6.628332 4.688810
5.188694 4.374126
2.939259 4.562938
0.119970 5.569932
0.119970 9.000000

